0.0124 -0.004
0.0206 -0.4752
0.0294 -0.7192
0.0374 -0.8596
0.0318 -0.952
0.0308 -0.9872
0.0322 -1.0412
0.0172 -1.1
0.0252 -1.1164
0.0318 -1.138
0.0284 -1.1608
0.0248 -1.1756
0.0332 -1.1732
0.0284 -1.2208
0.0408 -1.24
0.033 -1.2528
0.0444 -1.2516
0.0558 -1.2492
0.0518 -1.2824
0.0448 -1.2756
0.0396 -1.286
0.0438 -1.3016
0.044 -1.2872
0.0456 -1.2812
0.0464 -1.278
0.035 -1.2996
0.0266 -1.31
0.0382 -1.306
0.0272 -1.3136
0.0328 -1.3208
0.0434 -1.3144
0.0332 -1.3212
0.0322 -1.3224
0.029 -1.32
0.04 -1.3244
0.0534 -1.3212
0.0554 -1.3276
0.071 -1.3148
0.0708 -1.334
0.079 -1.3164
0.082 -1.3172
0.0776 -1.3136
0.0604 -1.2832
0.0574 -1.3052
0.0614 -1.3056
0.0548 -1.314
0.0554 -1.2844
0.0544 -1.286
0.0556 -1.2812
0.0548 -1.296
0.043 -1.2984
