0.001212 -0.001904
-0.000434 -0.51384
0.000556 -0.724168
-0.001978 -0.84396
-0.001646 -0.926096
-0.000462 -0.985364
-0.00104 -1.03171
-0.000868 -1.06586
-0.000712 -1.09267
-0.000524 -1.11775
-0.000708 -1.13476
-0.000402 -1.151
-0.00091 -1.16605
-0.000568 -1.17747
-0.0011 -1.18675
-0.000478 -1.19561
-0.001702 -1.20347
-0.001468 -1.21288
-0.001934 -1.22072
-0.002546 -1.22664
-0.00224 -1.23368
-0.001964 -1.23975
-0.001854 -1.2458
-0.002278 -1.24933
-0.001242 -1.25322
-0.002754 -1.25868
-0.002362 -1.26254
-0.003026 -1.2674
-0.003108 -1.27214
-0.00237 -1.27552
-0.003262 -1.27567
-0.004284 -1.27737
-0.003806 -1.28022
-0.003494 -1.28213
-0.002396 -1.28595
-0.00195 -1.28896
-0.002116 -1.29264
-0.002774 -1.29348
-0.001584 -1.29642
-0.003552 -1.29903
-0.004562 -1.30232
-0.00484 -1.30491
-0.00439 -1.30589
-0.00351 -1.30889
-0.003446 -1.31085
-0.003648 -1.31336
-0.005564 -1.31363
-0.004878 -1.31477
-0.00484 -1.31584
-0.004204 -1.31827
-0.004692 -1.31841
-0.004572 -1.32106
-0.004324 -1.3207
-0.00349 -1.31974
-0.003922 -1.32292
-0.003812 -1.32552
-0.004588 -1.32727
-0.004684 -1.32741
-0.003168 -1.33088
-0.003002 -1.33028
-0.00369 -1.33151
-0.003978 -1.33519
-0.004248 -1.33693
-0.004474 -1.3376
-0.00426 -1.33824
-0.003672 -1.33758
-0.003058 -1.34077
-0.002112 -1.3416
-0.000332 -1.34215
-0.000294 -1.34354
-0.001086 -1.34415
-0.001138 -1.34584
-0.000112 -1.34552
0.000216 -1.34345
0.000834 -1.34352
0.001438 -1.34259
0.001114 -1.34467
0.001118 -1.34441
0.001518 -1.34531
0.000624 -1.34753
-0.001034 -1.3485
-0.001914 -1.3492
-0.000792 -1.35024
-0.001472 -1.3516
-0.001854 -1.35351
-0.000732 -1.35636
-0.001804 -1.35732
-0.002368 -1.35697
-0.003574 -1.35629
-0.004248 -1.3558
-0.005502 -1.35615
-0.006026 -1.35559
-0.00504 -1.35704
-0.004634 -1.35913
-0.00414 -1.35999
-0.00295 -1.35966
-0.003564 -1.36092
-0.003398 -1.36095
-0.002108 -1.35983
-0.00111 -1.36027
-0.001446 -1.36154
-0.001632 -1.36065
-0.001376 -1.36159
0.000596 -1.36305
0.000728 -1.36149
0.001744 -1.36288
0.004386 -1.36238
0.004476 -1.36525
0.00368 -1.36576
0.004222 -1.36322
0.003824 -1.36227
0.00289 -1.36386
0.003372 -1.36287
0.004632 -1.36489
0.004572 -1.36632
0.005206 -1.36756
0.005224 -1.36698
0.005574 -1.36881
0.00613 -1.36922
0.005906 -1.36993
0.004818 -1.37005
0.004438 -1.37103
0.004798 -1.37178
0.004058 -1.37457
0.003792 -1.3768
0.002986 -1.3766
0.002294 -1.37782
0.002962 -1.37878
0.001706 -1.37755
0.002032 -1.37979
0.001706 -1.38057
0.002104 -1.3776
0.002018 -1.37786
0.001462 -1.37555
0.001342 -1.37484
0.001434 -1.37603
0.00172 -1.37547
0.001614 -1.37568
0.002334 -1.37426
0.002694 -1.37542
0.00337 -1.37556
0.001578 -1.37546
0.001604 -1.37664
0.00196 -1.37688
0.00282 -1.37786
0.001776 -1.37845
0.00207 -1.3792
0.003142 -1.38082
0.002514 -1.38295
0.003228 -1.38378
0.003794 -1.38379
0.003784 -1.38514
0.00262 -1.38724
0.002868 -1.38495
0.000674 -1.38513
-0.000688 -1.38593
-0.000624 -1.38468
-0.001336 -1.38507
0.000676 -1.38439
0.001026 -1.38422
0.001882 -1.3853
0.002232 -1.3835
0.003028 -1.38438
0.003926 -1.38531
0.003196 -1.38686
0.002906 -1.38827
0.00368 -1.38736
0.004548 -1.38756
0.005102 -1.38915
0.00396 -1.38945
0.003428 -1.38999
0.003656 -1.38886
0.003002 -1.39118
0.001734 -1.39455
0.001958 -1.39444
0.002254 -1.39339
0.002534 -1.39515
0.003046 -1.39345
0.003614 -1.39425
0.002612 -1.3929
0.001938 -1.39358
0.00237 -1.39236
0.002202 -1.3935
0.001118 -1.39579
0.000364 -1.39537
-0.001484 -1.39609
-0.00185 -1.39473
-0.00149 -1.39566
-0.001588 -1.39694
-0.001674 -1.3973
-0.001058 -1.39697
-0.000768 -1.39756
-0.000342 -1.39646
-0.001378 -1.39762
-0.002216 -1.39712
-0.00267 -1.39722
-0.002708 -1.39859
-0.002314 -1.39769
-0.00177 -1.39816
-0.001478 -1.39818
-0.00103 -1.39816
-0.000788 -1.39892
-0.00064 -1.39828
0.000656 -1.39728
0.001252 -1.40008
0.001388 -1.39855
0.00149 -1.39933
0.001814 -1.39838
0.001244 -1.39786
0.001504 -1.3987
0.000832 -1.39773
0.00081 -1.39683
0.000988 -1.39963
0.00123 -1.40027
0.000916 -1.39899
0.000174 -1.39965
0.000566 -1.39895
0.001646 -1.40005
0.004098 -1.3998
0.00265 -1.39928
0.003082 -1.40002
0.003606 -1.402
0.003342 -1.4009
0.00091 -1.40159
0.001356 -1.40294
0.002348 -1.4052
0.001692 -1.40432
0.002262 -1.40506
0.002164 -1.40538
0.002674 -1.4049
0.002394 -1.40448
0.003912 -1.4067
0.003516 -1.4054
0.003548 -1.40608
0.00464 -1.40559
0.006606 -1.40528
0.007468 -1.40776
0.00605 -1.4093
0.00642 -1.4095
0.005856 -1.41124
0.005824 -1.41134
0.005218 -1.40759
0.004714 -1.40866
0.004444 -1.40662
0.004908 -1.40462
0.005372 -1.40427
0.006092 -1.40339
0.0061 -1.40477
0.006346 -1.40314
0.006372 -1.40321
0.005604 -1.40436
0.004424 -1.40569
0.004454 -1.40528
0.004578 -1.40739
0.004406 -1.40636
0.003738 -1.40529
0.00284 -1.40551
0.003108 -1.40678
0.003616 -1.40851
0.003522 -1.40979
0.00464 -1.40928
0.005276 -1.40749
0.005654 -1.40672
0.006194 -1.40573
0.00563 -1.40655
0.006154 -1.40923
0.005412 -1.4085
0.005876 -1.41024
0.00571 -1.41042
0.005058 -1.4097
0.007006 -1.40996
0.00586 -1.41238
0.00694 -1.41176
0.006972 -1.41052
0.007998 -1.41105
0.006362 -1.40959
0.007342 -1.40874
0.007026 -1.40904
0.007168 -1.4111
0.006268 -1.41001
0.007748 -1.4118
0.008646 -1.41298
0.007772 -1.41336
0.007508 -1.4127
0.00877 -1.41172
0.007808 -1.41111
0.008026 -1.41028
0.00851 -1.41056
0.009536 -1.40964
0.009644 -1.41087
0.009166 -1.41384
0.009676 -1.4156
0.009662 -1.41622
0.009386 -1.41792
0.00865 -1.41844
0.007586 -1.41725
0.008484 -1.41644
0.008106 -1.41445
0.008622 -1.41321
0.00704 -1.41348
0.006618 -1.41198
0.007602 -1.41348
0.008254 -1.41389
0.007306 -1.41276
0.007194 -1.41318
0.00806 -1.41414
0.007536 -1.41606
0.007616 -1.4148
0.007636 -1.4153
0.007402 -1.41693
0.008872 -1.41587
0.008738 -1.41679
0.00918 -1.41666
0.008958 -1.41684
0.009554 -1.4156
0.00987 -1.41496
0.00929 -1.41331
0.00964 -1.4116
0.010396 -1.4152
0.009902 -1.41638
0.009296 -1.41492
0.008704 -1.41649
0.010242 -1.41722
0.009218 -1.41522
0.009602 -1.41467
0.010568 -1.41165
0.010218 -1.41453
0.009606 -1.41498
0.010896 -1.41488
0.01069 -1.41449
0.00999 -1.41542
0.009894 -1.41588
0.009164 -1.41612
0.007866 -1.4162
0.0081 -1.41754
0.007014 -1.41545
0.007258 -1.41602
0.007166 -1.41655
0.00697 -1.41586
0.006688 -1.41758
0.00655 -1.41836
0.007746 -1.4208
0.008338 -1.41728
0.006918 -1.41629
0.007254 -1.41656
0.00807 -1.41795
0.008152 -1.41794
0.009094 -1.41868
0.007028 -1.41953
0.007278 -1.42054
0.007662 -1.42051
0.007046 -1.42018
0.00745 -1.42033
0.006436 -1.42044
0.00564 -1.42102
0.006188 -1.42184
0.006732 -1.42061
0.005788 -1.42171
0.0074 -1.42086
0.008426 -1.42194
0.008648 -1.42134
0.009254 -1.42242
0.009958 -1.42336
0.010326 -1.42239
0.01074 -1.4212
0.011078 -1.42195
0.01206 -1.42189
0.012298 -1.42274
0.012438 -1.42337
0.013356 -1.42363
0.014044 -1.4224
0.013906 -1.42058
0.014552 -1.42183
0.014208 -1.42113
0.014104 -1.42253
0.014678 -1.42296
0.013866 -1.4245
0.013948 -1.42198
0.014588 -1.42156
0.016108 -1.42198
0.016026 -1.42415
0.016834 -1.42546
0.016272 -1.42452
0.016532 -1.42218
0.01585 -1.42291
0.015636 -1.42374
0.015352 -1.42331
0.015622 -1.425
0.015054 -1.42436
0.015472 -1.42381
0.014656 -1.42406
0.014822 -1.42081
0.013224 -1.42178
0.012872 -1.42044
0.012728 -1.42046
0.012378 -1.42132
0.0127 -1.42329
0.012532 -1.42401
0.011502 -1.42444
0.011922 -1.42458
0.012276 -1.42238
0.012844 -1.42428
0.012512 -1.4245
0.01247 -1.42436
0.011832 -1.42272
0.011234 -1.42489
0.01191 -1.42526
0.012202 -1.42408
0.012028 -1.4253
0.012266 -1.42618
0.013098 -1.42566
0.012382 -1.42404
0.01294 -1.42186
0.014116 -1.42055
0.013158 -1.42259
0.013696 -1.42186
0.014438 -1.4227
0.013688 -1.42432
0.013146 -1.42382
0.012216 -1.42467
0.012332 -1.42316
0.012614 -1.42521
0.011558 -1.42297
0.01082 -1.42357
0.009802 -1.42498
0.010242 -1.42393
0.00929 -1.424
0.009986 -1.42412
0.008504 -1.42626
0.008578 -1.42526
0.008586 -1.42618
0.007662 -1.42706
0.007186 -1.42662
0.007228 -1.42382
0.007896 -1.42434
0.007152 -1.42374
0.006832 -1.42528
0.00539 -1.4262
0.005696 -1.42462
0.005582 -1.42393
0.006258 -1.42711
0.005752 -1.4261
0.005422 -1.42872
0.006146 -1.42762
0.006078 -1.42713
0.006836 -1.42815
0.007382 -1.42686
0.00752 -1.42834
0.007194 -1.42686
0.007318 -1.42785
0.006706 -1.42939
0.005486 -1.42843
0.00632 -1.42806
0.007186 -1.42686
0.006204 -1.42873
0.005182 -1.42885
0.004732 -1.42715
0.004782 -1.4274
0.005686 -1.42803
0.00721 -1.42726
0.007448 -1.42774
0.007864 -1.42972
0.007788 -1.42998
0.005956 -1.43044
0.006318 -1.43036
0.007174 -1.43198
0.0057 -1.4311
0.005646 -1.42948
0.005214 -1.43106
0.004118 -1.42951
0.00421 -1.43091
0.005392 -1.42842
0.005046 -1.43014
0.0041 -1.42937
0.00494 -1.42801
0.005246 -1.42892
0.005128 -1.42998
0.004102 -1.43107
0.004606 -1.4317
0.004192 -1.43044
0.00406 -1.43117
0.005846 -1.43119
0.00498 -1.42928
0.004124 -1.42637
0.005548 -1.42705
0.005904 -1.42771
0.005218 -1.42835
0.005464 -1.42772
0.00501 -1.42844
0.005156 -1.42697
0.004046 -1.42675
0.00368 -1.42842
0.003684 -1.42816
0.004692 -1.42722
0.00403 -1.42985
0.003202 -1.42826
0.00335 -1.42735
0.003588 -1.42977
0.004288 -1.42876
0.005186 -1.42891
0.005286 -1.42892
0.005094 -1.43124
0.005008 -1.42826
0.003844 -1.43
0.003734 -1.43132
0.003314 -1.42819
0.002596 -1.42946
0.001788 -1.4305
0.00215 -1.43032
0.002206 -1.42919
0.001764 -1.42989
0.001982 -1.4313
0.00155 -1.43308
0.001096 -1.43342
0.00122 -1.43448
0.001896 -1.42957
0.00286 -1.4298
0.00196 -1.43202
0.002928 -1.43058
0.00219 -1.43098
0.00308 -1.42961
0.002954 -1.43165
0.002954 -1.43277
0.001588 -1.4316
0.001438 -1.43288
0.000684 -1.43264
0.000718 -1.43235
0.00048 -1.43297
0.000994 -1.43198
0.000858 -1.43158
0.00051 -1.43103
0.000372 -1.43012
-0.001332 -1.42821
-0.001176 -1.42934
-0.00058 -1.42835
-0.001306 -1.42926
-0.001972 -1.42988
-0.001516 -1.43174
-0.001304 -1.42683
-0.001484 -1.42718
-0.000682 -1.42781
-0.0004 -1.42647
-0.000124 -1.42756
8.2e-05 -1.42665
0.000444 -1.42774
0.000804 -1.42912
0.000766 -1.42945
0.001622 -1.42952
0.001344 -1.42824
0.001212 -1.42865
0.000546 -1.4293
0.000734 -1.42976
-0.000248 -1.42956
0.000678 -1.43039
0.000344 -1.43192
0.000476 -1.43152
0.000998 -1.43256
0.001518 -1.43258
0.002074 -1.43178
0.003078 -1.43194
0.002694 -1.43167
0.000646 -1.43023
0.001126 -1.43272
0.000874 -1.43244
0.000552 -1.43151
-0.000376 -1.43086
0.000192 -1.43374
0.000888 -1.43486
0.0008 -1.43408
0.001358 -1.43587
0.001686 -1.43435
0.001664 -1.43437
0.001224 -1.4333
0.001334 -1.43424
0.00175 -1.43514
0.001406 -1.43539
0.001108 -1.43641
0.000208 -1.43637
0.000496 -1.43605
0.000572 -1.43463
0.00034 -1.43574
-0.000344 -1.43713
3.6e-05 -1.43548
0.000318 -1.43342
0.000552 -1.43209
9.8e-05 -1.43113
0.000772 -1.43128
0.00051 -1.43359
0.000274 -1.4352
0.00032 -1.43607
-0.000272 -1.43634
-0.001976 -1.43456
-0.002056 -1.43439
-0.00082 -1.433
-0.000138 -1.4331
0.000606 -1.43363
0.001206 -1.43354
0.001924 -1.43374
0.00255 -1.43375
0.001472 -1.43296
0.00191 -1.4363
0.000398 -1.43681
0.000596 -1.4361
0.001338 -1.43438
0.000416 -1.43529
0.000396 -1.43796
-0.000154 -1.43838
9.6e-05 -1.43661
0.001156 -1.43546
0.001054 -1.43574
0.000546 -1.43807
0.00173 -1.43832
0.001308 -1.43904
0.002024 -1.43836
0.000858 -1.43681
-0.000378 -1.43634
4e-06 -1.43686
0.000748 -1.43548
0.00122 -1.43746
0.000534 -1.43845
0.000178 -1.43859
0.0005 -1.43664
-0.000546 -1.43637
-0.000574 -1.4375
-0.00022 -1.43844
0.000142 -1.43742
0.001818 -1.43735
0.001142 -1.43821
0.001052 -1.43732
0.002142 -1.43742
0.00193 -1.43743
0.003236 -1.43715
0.003818 -1.43866
0.003136 -1.44019
0.001858 -1.44004
0.002078 -1.43958
0.002758 -1.43859
0.004374 -1.43792
0.005232 -1.43792
0.005624 -1.4367
0.00628 -1.43736
0.006218 -1.43742
0.005324 -1.4358
0.005656 -1.4373
0.0058 -1.43688
0.005768 -1.4357
0.005136 -1.43795
0.004802 -1.43887
0.004392 -1.43806
0.004914 -1.43892
0.003136 -1.44125
0.003272 -1.44006
0.002558 -1.43995
0.002806 -1.43967
0.002986 -1.43958
0.002518 -1.44128
0.002674 -1.43996
0.002224 -1.44028
0.00112 -1.44282
0.000396 -1.44154
0.00013 -1.44344
-0.001142 -1.44393
-0.000942 -1.44254
-0.001444 -1.44308
-0.00222 -1.44356
-0.001922 -1.44362
-0.002308 -1.44549
-0.002948 -1.44385
-0.00366 -1.4449
-0.00441 -1.44235
-0.003886 -1.44191
-0.003544 -1.44285
-0.002186 -1.4453
-0.002168 -1.44433
-0.002364 -1.44422
-0.003346 -1.44251
-0.00324 -1.44306
-0.003696 -1.44178
-0.003246 -1.44237
-0.003292 -1.44198
-0.00352 -1.4402
-0.001864 -1.44201
-0.000354 -1.44201
-0.000612 -1.44184
-0.001036 -1.44084
-0.001296 -1.44014
-0.001632 -1.43951
-0.001234 -1.43836
-0.001354 -1.43901
-0.001334 -1.44096
-0.001258 -1.43874
-0.000206 -1.44051
-0.001716 -1.44041
0.00066 -1.43902
0.00125 -1.43975
0.000326 -1.4406
0.000578 -1.43917
0.000684 -1.43924
0.00153 -1.43851
0.000842 -1.44056
0.000266 -1.44005
2.2e-05 -1.44086
-6.4e-05 -1.44131
-0.00074 -1.44106
-0.00012 -1.44088
0.00019 -1.44015
0.00177 -1.43884
0.000798 -1.43982
0.000362 -1.43945
0.00076 -1.44071
-0.000622 -1.44226
-0.000418 -1.44462
1.4e-05 -1.44354
-0.000126 -1.4432
-0.000184 -1.4411
0.001264 -1.44202
0.000368 -1.44126
0.000202 -1.44051
0.000978 -1.44124
0.000978 -1.4411
0.001464 -1.44304
0.000636 -1.44377
0.00126 -1.44432
0.001046 -1.44446
0.000608 -1.4435
0.00064 -1.44259
-2.8e-05 -1.44236
-5.6e-05 -1.44166
-0.000494 -1.4423
-0.000442 -1.44267
0.00047 -1.44148
0.00226 -1.44222
0.001672 -1.44194
0.00142 -1.44132
0.002138 -1.44282
0.002242 -1.4406
0.001942 -1.44272
0.00224 -1.44333
0.0026 -1.44262
0.002212 -1.4412
0.002212 -1.44409
0.003004 -1.44559
0.003524 -1.44292
0.003488 -1.44183
0.003788 -1.44147
0.00324 -1.44302
0.00348 -1.44231
0.003402 -1.44278
0.004324 -1.4419
0.003498 -1.44326
0.003206 -1.44138
0.003986 -1.44238
0.005296 -1.44339
0.005404 -1.44111
0.004798 -1.4423
0.004078 -1.44322
0.00365 -1.44204
0.00309 -1.44287
0.002654 -1.4406
0.002724 -1.44217
0.002624 -1.44367
0.00308 -1.44339
0.003188 -1.44144
0.002274 -1.44112
0.002814 -1.44182
0.002948 -1.44083
0.001538 -1.44082
0.002472 -1.44084
0.002074 -1.44189
0.001182 -1.44409
0.001136 -1.44326
0.001452 -1.44263
0.000544 -1.44239
0.001016 -1.44126
0.002572 -1.4419
0.002256 -1.44305
0.002732 -1.44254
0.002824 -1.44248
0.00303 -1.44399
0.0025 -1.44525
0.002366 -1.4419
0.00198 -1.44271
0.001268 -1.44127
0.00105 -1.44175
0.00099 -1.44336
0.000562 -1.44268
0.000142 -1.44287
-0.000438 -1.44185
0.000352 -1.44308
-0.000866 -1.44324
5e-05 -1.44146
-0.000266 -1.44384
0.000318 -1.4443
-5.4e-05 -1.44411
-0.000684 -1.44571
9e-05 -1.44587
0.000622 -1.44637
0.000736 -1.44474
0.000586 -1.44454
0.001488 -1.44566
0.001752 -1.44572
0.001286 -1.44464
0.001622 -1.44497
0.000318 -1.44456
-0.000212 -1.44353
0.00105 -1.44406
0.000488 -1.44614
0.001532 -1.44288
0.001908 -1.44336
0.001918 -1.44683
0.002262 -1.4464
0.002028 -1.44762
0.003196 -1.44806
0.002832 -1.44866
0.0036 -1.44898
0.004176 -1.44932
0.004282 -1.44933
0.004604 -1.44727
0.00409 -1.44658
0.004602 -1.44796
0.004626 -1.44624
0.005336 -1.44516
0.005276 -1.44528
0.004512 -1.44474
0.00442 -1.44561
0.003886 -1.44465
0.00464 -1.44582
0.005148 -1.44679
0.004826 -1.44614
0.0062 -1.44555
0.005448 -1.44394
0.00549 -1.44198
0.00622 -1.44494
0.007494 -1.44484
0.00858 -1.44456
0.008792 -1.44603
0.008836 -1.44567
0.0077 -1.44564
0.006738 -1.44723
0.008148 -1.44915
0.008256 -1.4472
0.007916 -1.44591
0.0071 -1.44505
0.00716 -1.44795
0.006362 -1.44755
0.00727 -1.44882
0.007034 -1.44651
0.006294 -1.44431
0.006472 -1.44582
0.00629 -1.44646
0.005482 -1.44718
0.00503 -1.4476
0.005518 -1.44926
0.005358 -1.44841
0.004838 -1.44883
0.003832 -1.44952
0.004882 -1.44837
0.003744 -1.44772
0.003584 -1.44826
0.004592 -1.44836
0.003802 -1.44731
0.003418 -1.44591
0.003774 -1.44488
0.004042 -1.44407
0.0055 -1.44475
0.00542 -1.44544
0.005692 -1.44705
0.006874 -1.44768
0.005786 -1.44893
0.005152 -1.44726
0.005348 -1.4495
0.00549 -1.44942
0.003904 -1.4482
0.004168 -1.4506
0.003686 -1.44871
0.003656 -1.45072
0.00355 -1.45148
0.00345 -1.44932
0.002778 -1.45134
0.002944 -1.44784
0.002318 -1.44922
0.002252 -1.44975
0.002368 -1.44992
0.001756 -1.44763
0.002412 -1.45032
0.001542 -1.44801
0.000842 -1.44706
0.001006 -1.44925
0.001234 -1.44875
0.00054 -1.44878
0.000592 -1.44784
0.001908 -1.45101
0.001822 -1.45034
0.001594 -1.45047
0.003558 -1.44953
0.004124 -1.44921
0.00419 -1.45069
0.004008 -1.4509
0.003974 -1.45198
0.004008 -1.45316
0.003366 -1.45153
0.00424 -1.45255
0.00468 -1.45217
0.004618 -1.45006
0.0047 -1.44942
0.004434 -1.44859
0.005206 -1.44806
0.005624 -1.4465
0.005558 -1.44626
0.00468 -1.44765
0.004012 -1.44579
0.003614 -1.44517
0.002884 -1.44496
0.001998 -1.44557
0.001962 -1.44698
0.002038 -1.44616
0.001448 -1.44711
0.001268 -1.44628
0.000198 -1.44657
0.000484 -1.44622
0.000508 -1.44695
-0.000508 -1.4487
-0.000234 -1.44808
9.4e-05 -1.44687
-0.000442 -1.44797
-0.00032 -1.4466
-0.00021 -1.4459
0.000298 -1.44493
0.00142 -1.44512
0.0018 -1.446
0.00251 -1.4446
0.001046 -1.44514
0.001438 -1.44726
0.001658 -1.44481
-0.001408 -1.44544
-0.001496 -1.44606
-0.001864 -1.44618
-0.001082 -1.44593
-0.000918 -1.44612
-0.000154 -1.44599
-0.000424 -1.44623
-0.001012 -1.44579
-0.001086 -1.44696
-0.000622 -1.44809
0.00058 -1.44696
0.000836 -1.44598
0.00017 -1.44728
-3.4e-05 -1.44638
4e-05 -1.4486
-0.00015 -1.44875
-0.000906 -1.4493
-0.001918 -1.4489
-0.001854 -1.44793
-0.001254 -1.44744
0.000544 -1.4481
0.00116 -1.44817
0.00163 -1.44832
0.001556 -1.44776
0.002292 -1.44756
0.003164 -1.44837
0.001918 -1.4482
0.002082 -1.44845
0.000548 -1.44889
-0.000284 -1.44773
-0.000744 -1.45087
-0.000922 -1.45121
-0.001276 -1.45249
-0.00057 -1.45253
-9.6e-05 -1.45171
-0.00017 -1.44945
-0.000424 -1.4484
-0.000144 -1.44889
0.000698 -1.44836
0.000726 -1.44963
0.001704 -1.44857
0.00079 -1.44981
0.000798 -1.4493
0.00063 -1.44979
0.001598 -1.45263
0.001884 -1.45116
0.002604 -1.45119
0.002242 -1.4489
0.001336 -1.45022
0.000798 -1.45017
0.00113 -1.44854
0.002164 -1.44869
0.003508 -1.44807
0.003724 -1.4481
0.00373 -1.4486
0.003634 -1.44758
0.004318 -1.44905
0.003342 -1.44457
0.002528 -1.44636
0.00266 -1.44789
0.003552 -1.44608
0.003314 -1.44484
0.002266 -1.4451
0.002914 -1.44592
0.003276 -1.44606
0.003336 -1.44728
0.002518 -1.44636
