0.001212 -0.001904
-0.000262 -0.513292
-0.000636 -0.722916
-0.001306 -0.84444
-0.001226 -0.926984
-0.000562 -0.98596
-0.00092 -1.02936
-0.000494 -1.06496
-0.000572 -1.08983
-0.000942 -1.11384
-0.001548 -1.1308
-0.00082 -1.14842
0.000674 -1.16495
0.00093 -1.17654
0.000134 -1.18676
0.000696 -1.19572
-0.000394 -1.20424
0.000146 -1.21243
0.000138 -1.22094
-0.001068 -1.22747
-0.001322 -1.23466
-0.001468 -1.24059
-0.001552 -1.24696
-0.001712 -1.25327
-0.000734 -1.25856
-0.000288 -1.26299
-0.000188 -1.26461
-0.001434 -1.26912
-0.000188 -1.27548
0.00121 -1.27813
0.001854 -1.28036
0.001176 -1.28022
0.001024 -1.28285
0.000984 -1.28297
0.002496 -1.28645
0.002812 -1.28905
0.003352 -1.29198
0.003448 -1.29472
0.003946 -1.29696
0.003532 -1.3004
0.002552 -1.30254
0.001212 -1.30685
0.001026 -1.30821
0.001678 -1.30945
0.00048 -1.31125
-0.000616 -1.3142
-0.001618 -1.31349
-0.000692 -1.31543
-4e-06 -1.31739
0.001102 -1.32062
0.00145 -1.3206
0.001542 -1.32233
0.002272 -1.32297
0.003066 -1.32358
0.002696 -1.32423
0.00295 -1.32628
0.002384 -1.32872
0.002068 -1.32921
0.003346 -1.33346
0.00327 -1.3326
0.001902 -1.33375
0.000734 -1.33761
0.000974 -1.33788
0.000918 -1.33797
0.000646 -1.34051
0.001024 -1.34097
0.002702 -1.34112
0.003994 -1.343
0.005442 -1.34438
0.00643 -1.3466
0.005462 -1.34591
0.00627 -1.34748
0.007118 -1.34887
0.007486 -1.34815
0.007834 -1.34702
0.008136 -1.3495
0.007598 -1.35134
0.007286 -1.35271
0.00724 -1.35212
0.007026 -1.35446
0.006042 -1.35613
0.006628 -1.3538
0.006834 -1.35635
0.006524 -1.36001
0.005928 -1.35896
0.005346 -1.3597
0.005038 -1.3611
0.004136 -1.36119
0.002638 -1.36164
0.003536 -1.36095
0.004416 -1.3613
0.004238 -1.36013
0.00448 -1.36152
0.005054 -1.36189
0.004982 -1.36128
0.005212 -1.36333
0.005698 -1.36654
0.005634 -1.36454
0.005438 -1.3646
0.006678 -1.36454
0.006248 -1.36529
0.00608 -1.36476
0.00538 -1.36555
0.006166 -1.36623
0.005662 -1.36608
0.00569 -1.36832
0.005634 -1.36809
0.005802 -1.36963
0.005204 -1.36808
0.005838 -1.36666
0.006548 -1.36543
0.006024 -1.36884
0.005582 -1.36944
0.006416 -1.36988
0.00555 -1.37168
0.005914 -1.37227
0.006202 -1.37138
0.005786 -1.37526
0.005422 -1.37558
0.005494 -1.37154
0.004638 -1.37232
0.004086 -1.37324
0.004006 -1.37408
0.004742 -1.37556
0.003768 -1.37502
0.002728 -1.37713
0.003002 -1.37622
0.002514 -1.37764
0.001658 -1.37883
0.002638 -1.38126
0.001688 -1.38076
0.000976 -1.3796
0.001284 -1.37883
0.000646 -1.37978
2e-05 -1.37925
0.000592 -1.37901
0.00106 -1.38035
0.00255 -1.37982
0.002952 -1.38015
0.00326 -1.38006
0.002582 -1.38082
0.00167 -1.3808
0.00077 -1.38067
0.001988 -1.38177
0.0019 -1.38226
0.001928 -1.38202
0.00276 -1.38212
0.004382 -1.38202
0.00384 -1.38338
0.00369 -1.3838
0.004146 -1.38596
0.00381 -1.38574
0.003424 -1.38492
0.002784 -1.38299
0.002052 -1.38449
0.001308 -1.38343
0.002278 -1.38405
0.00139 -1.38515
0.002638 -1.38588
0.001832 -1.38332
0.00289 -1.38605
0.00335 -1.38456
0.004378 -1.38488
0.004978 -1.38594
0.0051 -1.38921
0.005362 -1.38931
0.004898 -1.38782
0.004734 -1.38721
0.005458 -1.38997
0.004698 -1.39052
0.003752 -1.38989
0.004032 -1.39131
0.00449 -1.39169
0.003118 -1.39202
0.002202 -1.39231
0.002524 -1.39303
0.002142 -1.39157
0.00313 -1.38957
0.003228 -1.39006
0.00276 -1.38957
0.002458 -1.38952
0.002904 -1.38894
0.003454 -1.39004
0.003076 -1.39188
0.003024 -1.39252
0.000442 -1.39221
0.000732 -1.39161
6e-06 -1.3928
0.000788 -1.39522
0.000816 -1.39379
0.000362 -1.3957
0.000788 -1.39621
0.000326 -1.39571
-0.00017 -1.39631
-0.000656 -1.39496
-0.001572 -1.39416
-0.001402 -1.39566
-0.00188 -1.3934
-0.001476 -1.39371
-0.00174 -1.39335
-0.001534 -1.39349
-0.001216 -1.3948
-0.00109 -1.3929
-0.000836 -1.39393
-0.000304 -1.39536
-0.00024 -1.39598
0.000418 -1.39817
0.000282 -1.39632
0.000238 -1.39591
0.001084 -1.3964
0.000446 -1.39217
0.000518 -1.39271
0.000188 -1.39342
0.000686 -1.3952
0.000282 -1.39292
-0.001372 -1.39356
-0.00072 -1.39337
0.000462 -1.39325
0.001686 -1.39388
0.000938 -1.39503
0.000876 -1.3969
0.002204 -1.39795
0.002302 -1.39976
0.001498 -1.40076
0.002106 -1.40178
0.001862 -1.4034
0.001066 -1.40301
0.002624 -1.40222
0.002216 -1.40123
0.001238 -1.40082
0.002462 -1.40127
0.003768 -1.40142
0.003546 -1.40355
0.003396 -1.40554
0.003648 -1.40632
0.004362 -1.4043
0.004208 -1.40524
0.002754 -1.40704
0.003046 -1.40538
0.002394 -1.4079
0.003116 -1.40711
0.002772 -1.40527
0.001614 -1.40746
0.00171 -1.40645
0.001594 -1.40582
0.00348 -1.40627
0.004506 -1.40726
0.004938 -1.40877
0.003968 -1.40739
0.003938 -1.40848
0.004134 -1.40912
0.002938 -1.40706
0.002526 -1.40656
0.001824 -1.40734
0.00212 -1.40763
0.001296 -1.40614
0.002162 -1.40506
0.002238 -1.40616
0.002686 -1.40538
0.003102 -1.40555
0.004576 -1.40435
0.004948 -1.40394
0.004344 -1.40328
0.004294 -1.40422
0.003368 -1.40508
0.004768 -1.40721
0.005008 -1.40818
0.005142 -1.40796
0.005124 -1.40858
0.005004 -1.40977
0.006198 -1.40978
0.005034 -1.41235
0.005856 -1.41215
0.005838 -1.41099
0.005342 -1.41208
0.004148 -1.41138
0.004254 -1.41315
0.005138 -1.41214
0.005498 -1.41279
0.004844 -1.41448
0.004896 -1.41048
0.00642 -1.40891
0.006128 -1.4093
0.006432 -1.40931
0.006132 -1.40882
0.004026 -1.40921
0.00462 -1.4076
0.004932 -1.40682
0.005686 -1.40795
0.005822 -1.40899
0.00647 -1.41183
0.006838 -1.4148
0.005724 -1.41558
0.006248 -1.4162
0.005038 -1.41553
0.00442 -1.41494
0.0064 -1.41479
0.0054 -1.41326
0.005844 -1.41222
0.005216 -1.4141
0.004804 -1.41187
0.005326 -1.41392
0.005876 -1.41362
0.00496 -1.41388
0.004528 -1.41465
0.00628 -1.41629
0.006446 -1.41757
0.007022 -1.41654
0.00665 -1.4164
0.006676 -1.4171
0.00771 -1.41721
0.006988 -1.41794
0.00782 -1.41486
0.006284 -1.41415
0.006634 -1.41486
0.007506 -1.41526
0.006714 -1.41487
0.007128 -1.41504
0.007038 -1.4166
0.006862 -1.41811
0.005822 -1.41815
0.005856 -1.41943
0.00682 -1.42022
0.006342 -1.41974
0.007124 -1.41702
0.007924 -1.41579
0.007796 -1.41836
0.007068 -1.41907
0.008104 -1.41844
0.009002 -1.41748
0.008916 -1.4167
0.008456 -1.41767
0.007524 -1.41801
0.00673 -1.41878
0.006272 -1.41951
0.005354 -1.41829
0.006052 -1.41655
0.006124 -1.41758
0.004572 -1.41624
0.004158 -1.41956
0.004672 -1.4204
0.005144 -1.42137
0.005358 -1.41928
0.004688 -1.4196
0.004604 -1.42042
0.00578 -1.42012
0.006554 -1.42102
0.007356 -1.41987
0.007138 -1.42209
0.00743 -1.42251
0.007434 -1.42222
0.006198 -1.42195
0.005982 -1.42146
0.006626 -1.42285
0.007382 -1.42299
0.007026 -1.42278
0.006112 -1.4217
0.00512 -1.42172
0.005756 -1.42107
0.006718 -1.4202
0.007678 -1.41826
0.008276 -1.41862
0.009052 -1.41864
0.009274 -1.41855
0.010298 -1.42208
0.009962 -1.42213
0.010114 -1.42171
0.009828 -1.42176
0.010606 -1.4217
0.011368 -1.42115
0.011458 -1.42042
0.010526 -1.42098
0.010388 -1.42082
0.009376 -1.42211
0.009094 -1.42084
0.009648 -1.42132
0.008688 -1.42153
0.008548 -1.42073
0.00959 -1.42018
0.010198 -1.4225
0.010182 -1.4223
0.011534 -1.42197
0.009978 -1.42103
0.010614 -1.4203
0.010686 -1.42117
0.009402 -1.42236
0.008664 -1.42189
0.009094 -1.42266
0.009432 -1.42445
0.009688 -1.42314
0.009864 -1.4231
0.00937 -1.41972
0.008646 -1.42056
0.009258 -1.42034
0.009276 -1.4211
0.009292 -1.42039
0.009426 -1.41886
0.009754 -1.41936
0.008842 -1.41866
0.008454 -1.41931
0.009356 -1.41886
0.00948 -1.42074
0.010008 -1.42172
0.009684 -1.42235
0.009302 -1.42043
0.008112 -1.4222
0.008434 -1.42226
0.009072 -1.42037
0.008446 -1.41985
0.006948 -1.42194
0.007656 -1.42225
0.008166 -1.41992
0.009338 -1.41806
0.00941 -1.41871
0.00907 -1.41934
0.009588 -1.41704
0.010562 -1.41702
0.010368 -1.4185
0.010382 -1.41762
0.00932 -1.41893
0.00889 -1.41844
0.009282 -1.42009
0.008846 -1.41983
0.00778 -1.41984
0.007576 -1.42146
0.007202 -1.42155
0.00741 -1.4212
0.00814 -1.42037
0.007472 -1.42288
0.007458 -1.42332
0.006904 -1.42387
0.004854 -1.4233
0.003898 -1.42256
0.005148 -1.42098
0.005678 -1.42193
0.004514 -1.42163
0.003246 -1.42309
0.00225 -1.42611
0.002924 -1.42361
0.0035 -1.42328
0.003808 -1.42346
0.00305 -1.42371
0.003394 -1.42408
0.002566 -1.42443
0.002778 -1.42508
0.003452 -1.42518
0.003732 -1.42443
0.003638 -1.42698
0.003572 -1.42601
0.003348 -1.42708
0.00347 -1.42689
0.002896 -1.42706
0.003224 -1.42782
0.003636 -1.42794
0.00231 -1.42938
0.001062 -1.43154
0.001744 -1.43086
0.00132 -1.43017
0.0003 -1.43259
0.000828 -1.43253
0.000446 -1.43201
0.000318 -1.43188
-0.00081 -1.43171
-0.001254 -1.4305
-0.001636 -1.43177
-0.001204 -1.43147
-0.002808 -1.4315
-0.002646 -1.43161
-0.003412 -1.43081
-0.003376 -1.43085
-0.002556 -1.4335
-0.002752 -1.4323
-0.002726 -1.43318
-0.00218 -1.43126
-0.001532 -1.43117
-0.00066 -1.43146
-0.001396 -1.4308
-0.003106 -1.43107
-0.003352 -1.43193
-0.002426 -1.43063
-0.002242 -1.42988
-0.002654 -1.4305
-0.002788 -1.42893
-0.002638 -1.42884
-0.001928 -1.42992
-0.000992 -1.42881
-0.001802 -1.43083
-0.001636 -1.43033
-0.002078 -1.42952
-0.00102 -1.42916
-0.002074 -1.42874
-0.00303 -1.42829
-0.00312 -1.42731
-0.003876 -1.42596
-0.004154 -1.42711
-0.00432 -1.42621
-0.0045 -1.42592
-0.004222 -1.42751
-0.00459 -1.42727
-0.004256 -1.42572
-0.004374 -1.42668
-0.004216 -1.42836
-0.0041 -1.42645
-0.004926 -1.42841
-0.003198 -1.4273
-0.004 -1.42719
-0.00387 -1.427
-0.003704 -1.4273
-0.003256 -1.42967
-0.002424 -1.42989
-0.0022 -1.43061
-0.002104 -1.42915
-0.002332 -1.42884
-0.001544 -1.4292
-0.001424 -1.42917
-0.001704 -1.42851
-0.002364 -1.42884
-0.002144 -1.42882
-0.001624 -1.4296
-0.002302 -1.42776
-0.00252 -1.42755
-0.00148 -1.42947
-0.002268 -1.42824
-0.001942 -1.42967
-0.00169 -1.4296
-0.00135 -1.43168
-0.001264 -1.43043
-0.000798 -1.42976
0.001162 -1.42975
0.000924 -1.43051
0.001614 -1.43118
0.00159 -1.43
0.001446 -1.42858
0.001762 -1.42826
0.002898 -1.42788
0.002166 -1.42734
0.002084 -1.42768
0.0032 -1.42994
0.002702 -1.42654
0.004308 -1.42848
0.004406 -1.42808
0.00519 -1.42715
0.005556 -1.42679
0.004528 -1.42382
0.004218 -1.42522
0.00471 -1.42692
0.004276 -1.42668
0.005892 -1.42838
0.00581 -1.42801
0.005146 -1.42964
0.0039 -1.43075
0.004664 -1.43128
0.00425 -1.42995
0.004318 -1.43057
0.002828 -1.43036
0.003464 -1.43041
0.00287 -1.43068
0.002828 -1.43033
0.002416 -1.42808
0.002124 -1.42896
0.001568 -1.42868
-0.000496 -1.42873
0.000908 -1.43105
8e-05 -1.43138
-0.00049 -1.43332
-0.000202 -1.43174
0.000852 -1.43341
0.002082 -1.43326
0.00198 -1.43196
0.002092 -1.43085
0.002024 -1.42938
0.002382 -1.43002
0.003242 -1.42886
0.003234 -1.43285
0.003778 -1.43324
0.002448 -1.43236
0.00195 -1.43424
0.000896 -1.43455
0.000348 -1.43368
0.000494 -1.43357
0.000658 -1.43313
0.00124 -1.43376
0.002572 -1.43208
0.003042 -1.432
0.003296 -1.43079
0.00338 -1.4306
0.002774 -1.42847
0.002068 -1.43023
0.002444 -1.43233
0.00372 -1.43246
0.004462 -1.43257
0.0039 -1.43148
0.004504 -1.43207
0.004932 -1.43328
0.005564 -1.43355
0.006016 -1.43448
0.007048 -1.43239
0.007708 -1.43348
0.00699 -1.43354
0.006018 -1.43117
0.005664 -1.43418
0.004454 -1.4364
0.003856 -1.43463
0.004428 -1.4336
0.00601 -1.4343
0.006306 -1.43628
0.006272 -1.43468
0.005728 -1.43253
0.00659 -1.4328
0.005954 -1.43424
0.005652 -1.43574
0.006814 -1.43576
0.00703 -1.43516
0.007652 -1.43477
0.007562 -1.43466
0.00785 -1.43298
0.007394 -1.43349
0.009104 -1.43216
0.009262 -1.43391
0.008306 -1.43332
0.007562 -1.43323
0.00868 -1.43173
0.00908 -1.43097
0.008052 -1.43328
0.00824 -1.43454
0.008084 -1.43304
0.00935 -1.43203
0.008766 -1.43157
0.008318 -1.43038
0.008306 -1.4323
0.008332 -1.43237
0.008936 -1.43224
0.00762 -1.43276
0.008228 -1.43481
0.007926 -1.43653
0.006742 -1.4351
0.00729 -1.43365
0.008974 -1.43381
0.009466 -1.43616
0.008846 -1.43662
0.008928 -1.43587
0.008208 -1.43431
0.007766 -1.43336
0.00714 -1.43548
0.007832 -1.43605
0.006692 -1.43578
0.007012 -1.43573
0.007208 -1.43746
0.007362 -1.43684
0.008318 -1.43578
0.007836 -1.43736
0.007982 -1.43664
0.008752 -1.43771
0.008802 -1.43696
0.009382 -1.4362
0.008996 -1.437
0.00796 -1.43555
0.006924 -1.43779
0.006632 -1.43756
0.005414 -1.43669
0.005654 -1.43796
0.00462 -1.43872
0.004246 -1.43679
0.005086 -1.43688
0.00498 -1.43751
0.004734 -1.43611
0.004532 -1.43626
0.004308 -1.43561
0.004214 -1.4372
0.003838 -1.43545
0.00406 -1.4377
0.004128 -1.43884
0.004068 -1.4386
0.004358 -1.43983
0.005644 -1.44117
0.004362 -1.44013
0.00414 -1.43866
0.003768 -1.4369
0.004218 -1.4377
0.004332 -1.43915
0.00401 -1.43923
0.004386 -1.44114
0.00509 -1.44079
0.005768 -1.43832
0.004044 -1.4381
0.004196 -1.43939
0.004208 -1.4391
0.003666 -1.43888
0.003964 -1.43811
0.003564 -1.43898
0.002162 -1.43793
0.004328 -1.43894
0.004126 -1.44072
0.006308 -1.43947
0.007752 -1.43964
0.006974 -1.44088
0.007292 -1.44128
0.007294 -1.44088
0.00821 -1.43972
0.006766 -1.43982
0.007392 -1.4397
0.00596 -1.43999
0.005442 -1.43758
0.004952 -1.4381
0.005368 -1.43832
0.00548 -1.43895
0.005656 -1.43624
0.004452 -1.43605
0.003652 -1.43628
0.003272 -1.43818
0.002456 -1.43852
0.002706 -1.44048
0.003512 -1.44037
0.003798 -1.43993
0.003786 -1.43894
0.003796 -1.43901
0.00306 -1.43826
0.00321 -1.43734
0.003048 -1.43704
0.002918 -1.43868
0.00381 -1.43984
0.00365 -1.44232
0.004646 -1.4418
0.004308 -1.44024
0.004378 -1.44026
0.005708 -1.4406
0.006278 -1.43893
0.00697 -1.43993
0.007674 -1.44094
0.006616 -1.44268
0.006472 -1.44189
0.007536 -1.44255
0.007188 -1.43978
0.006432 -1.43999
0.00582 -1.44088
0.006086 -1.44134
0.005384 -1.44193
0.006692 -1.44176
0.006412 -1.44106
0.005954 -1.43946
0.005514 -1.44163
0.006492 -1.44053
0.006614 -1.44148
0.00623 -1.44238
0.006588 -1.44272
0.006512 -1.44343
0.005936 -1.44246
0.005184 -1.44076
0.005906 -1.44056
0.006588 -1.44091
0.006402 -1.44204
0.006846 -1.44126
0.008498 -1.44124
0.00862 -1.44313
0.008194 -1.44105
0.008048 -1.44005
0.008852 -1.44005
0.00786 -1.4408
0.007138 -1.44004
0.006534 -1.44157
0.007376 -1.44106
0.00719 -1.44204
0.007356 -1.4432
0.005926 -1.44151
0.006642 -1.44038
0.006508 -1.44174
0.006404 -1.44461
0.007624 -1.44317
0.007258 -1.44224
0.00714 -1.4431
0.007242 -1.44292
0.00798 -1.44453
0.007034 -1.44387
0.007668 -1.44378
0.00802 -1.44376
0.006986 -1.44336
0.006768 -1.44209
0.007674 -1.4424
0.007824 -1.44165
0.008162 -1.44353
0.008638 -1.44037
0.009302 -1.44169
0.009076 -1.43982
0.009444 -1.44187
0.009022 -1.4428
0.008398 -1.44267
0.008122 -1.4432
0.007474 -1.44256
0.007856 -1.44172
0.007514 -1.44112
0.007706 -1.44212
0.008184 -1.44348
0.009096 -1.44426
0.009274 -1.44483
0.008596 -1.44609
0.007826 -1.44479
0.008814 -1.44467
0.008004 -1.44473
0.00736 -1.44469
0.008038 -1.44491
0.008604 -1.4457
0.010262 -1.44424
0.010608 -1.44456
0.010504 -1.44342
0.010768 -1.44276
0.01195 -1.44417
0.01086 -1.44452
0.01033 -1.44344
0.011074 -1.44338
0.01044 -1.44512
0.0091 -1.4434
0.009946 -1.44347
0.010302 -1.44467
0.010328 -1.44528
0.010752 -1.44383
0.01096 -1.44417
0.010522 -1.44557
0.012258 -1.44477
0.012328 -1.44493
0.012026 -1.44437
0.011882 -1.44277
0.01281 -1.44235
0.014362 -1.44235
0.013928 -1.44125
0.014214 -1.44014
0.014052 -1.44086
0.014348 -1.4403
0.014608 -1.44192
0.014552 -1.44088
0.015446 -1.44145
0.014608 -1.44047
0.015154 -1.44109
0.015028 -1.44372
0.015124 -1.44395
0.016712 -1.4419
0.016624 -1.44182
0.017634 -1.44216
0.017274 -1.44274
0.015704 -1.44261
0.015546 -1.44284
0.016136 -1.44339
0.015524 -1.444
0.013844 -1.44476
0.012668 -1.44495
0.012868 -1.44372
0.013262 -1.44356
0.012942 -1.44373
0.013246 -1.44277
0.013238 -1.444
0.012796 -1.44376
0.013824 -1.44351
0.012936 -1.44372
0.012862 -1.44494
0.013354 -1.44501
0.012672 -1.44504
0.01284 -1.44595
0.01337 -1.44458
0.01309 -1.44461
0.0133 -1.44453
0.014334 -1.4434
0.01376 -1.44308
0.014264 -1.44389
0.015018 -1.44279
0.016548 -1.44447
0.018186 -1.44492
0.018518 -1.44613
0.017208 -1.44643
0.017226 -1.44612
0.017404 -1.44662
0.017178 -1.44456
0.018326 -1.44561
0.018106 -1.44539
0.016286 -1.44458
0.015958 -1.44664
0.01523 -1.44582
0.015048 -1.44467
0.014444 -1.4471
0.014282 -1.4456
0.013352 -1.4482
0.012798 -1.44564
0.012412 -1.44588
0.012864 -1.44764
0.012936 -1.44764
0.013184 -1.44692
0.01351 -1.44774
0.011856 -1.44761
0.011094 -1.44668
0.010852 -1.44666
0.011218 -1.44632
0.01033 -1.44435
0.010326 -1.44544
0.011434 -1.44724
0.01127 -1.44739
0.011146 -1.44848
0.011732 -1.44852
0.011538 -1.4491
0.010974 -1.44899
0.01065 -1.44827
0.010504 -1.44978
0.011422 -1.45019
0.010434 -1.44959
0.012078 -1.4507
0.012938 -1.452
0.012816 -1.44842
0.012488 -1.44884
0.012412 -1.44842
0.012674 -1.44938
0.013288 -1.44931
0.01373 -1.44785
0.01277 -1.4472
0.0118 -1.44556
0.010916 -1.4457
0.0104 -1.44546
0.010516 -1.44512
0.010618 -1.44754
0.010492 -1.44509
0.010174 -1.44554
0.009496 -1.44468
0.00935 -1.44236
0.009594 -1.44169
0.009188 -1.44128
0.00795 -1.44126
0.00841 -1.44226
0.009784 -1.44228
0.00847 -1.44003
0.00893 -1.44047
0.010412 -1.44027
0.010942 -1.4394
0.011446 -1.43926
0.009902 -1.44096
0.010882 -1.44105
0.009828 -1.44359
0.009932 -1.44509
0.01094 -1.44644
0.009048 -1.44554
0.00928 -1.44395
0.008476 -1.44525
0.009514 -1.44689
0.009676 -1.44482
0.01087 -1.44549
0.009304 -1.44475
0.00932 -1.44432
0.009564 -1.44478
0.010118 -1.44544
0.01135 -1.44335
0.011438 -1.44258
0.011084 -1.4469
0.00999 -1.4473
0.009322 -1.44805
0.008322 -1.44809
0.007848 -1.44793
0.007124 -1.44739
0.006662 -1.44725
0.007064 -1.44674
0.00771 -1.4452
0.008686 -1.44546
0.008544 -1.44732
0.008168 -1.44723
0.009218 -1.44769
0.009292 -1.44622
0.008744 -1.44557
0.009052 -1.44758
0.008156 -1.44707
0.007482 -1.44737
0.007782 -1.4484
0.007566 -1.45097
0.00783 -1.45324
0.00827 -1.45048
0.00913 -1.45021
0.009162 -1.44782
0.009314 -1.44658
0.010434 -1.44559
0.010652 -1.4463
0.011466 -1.44929
0.011568 -1.44656
0.010702 -1.44771
0.010518 -1.44608
0.009746 -1.445
0.010614 -1.44738
0.00988 -1.44776
0.009672 -1.44911
0.008562 -1.44947
0.007826 -1.45096
0.007176 -1.45057
0.00626 -1.45025
0.006148 -1.44965
0.007132 -1.44776
0.008456 -1.44841
0.00852 -1.44818
0.009108 -1.44755
0.008944 -1.44976
0.008616 -1.44745
0.007626 -1.45022
0.008802 -1.45104
0.01097 -1.44769
0.010234 -1.44873
0.00999 -1.44853
0.009586 -1.44901
0.008448 -1.44716
0.00774 -1.45025
0.007562 -1.44946
